2016 04 06 07 04 02 01 00 00 00 00 02 04 05 06 05 04 05 04 05 05 05 06 05 04 11.5
None 0 0
2018 04 04 03 03 01 00 00 00 00 01 03 08 09 10 06 04 04 04 03 04 05 04 04 03 9.8
2010 00 00 00 00 00 00 00 00 00 00 00 00 00 12 15 14 16 04 09 05 13 05 00 00 0.4
2012 00 00 00 00 00 00 00 00 00 00 00 00 00 04 07 07 09 10 13 17 15 07 01 00 9.6
2014 04 04 05 04 02 02 02 01 03 03 03 05 06 05 03 04 03 03 05 05 07 04 03 04 15.8
2017 03 03 03 02 01 00 00 00 00 00 08 11 12 08 04 02 02 03 03 04 04 04 05 05 7.1
2019 04 04 04 05 02 00 00 00 00 00 03 08 11 07 06 04 03 03 03 04 04 05 04 04 20.1
2009 00 01 01 00 00 00 00 00 00 00 00 00 00 17 25 10 08 05 07 05 03 03 05 03 0.2
2011 00 00 00 00 00 00 00 00 00 00 00 00 00 04 10 13 10 09 13 15 13 07 01 00 2.1
2013 04 04 04 03 01 01 00 00 00 01 03 03 03 03 04 05 05 05 07 08 10 07 03 03 22.3
2015 06 07 08 06 04 02 01 01 01 01 02 03 04 04 04 04 03 03 03 05 05 04 04 04 20.6
